Location	Date	Time 
Dam	1/11/2012	1200
Dist(ft)	Depth(cm)	Flow(m/s)
0	0	0
1.083333333	0	0
1.25	2.9	0.33
1.75	3.1	0.25
2.416666667	4	0.34
3	3.5	0.31
3.5	3.4	0.32
4	4	0.33
4.5	3.5	0.29
5	3.2	0.26
5.5	4	0.15
6	3.9	0.16
6.5	4	0.18
7	0	0
-
Location	Date	Time 
Dam	1/19/2012	1449
Field Measurements		
Dist(S to N)(ft)	Depth(cm)	Flow(m/s)
0	0	0
0.5	9	0.34
2	10	0.63
3	15	0.96
4	15	0.8
5	15	1.1
6	11	0.5
7	6	0.53
8	2	0
9	0	0
10	0	0
-
Location	Date	Time 
Dam	1/25/2012	938
Field Measurements		
Dist(S to N)(ft)	Depth(cm)	Flow(m/s)
0.5	0	0
1	12	0.27
2	14	0.58
3	19	0.88
4	19	0.53
5	19	0.52
6	13	0.64
7	6	1.23
8	3	1.02
9	3	0.36
10	0	0
-		
Location	Date	Time 
Dam	1/25/2012	1000
Field Measurements		
Dist(S to N)(ft)	Depth(cm)	Flow(m/s)
0	0	0
1	13	0.41
2	13	0.64
3	18	0.98
4	18	0.53
5	18	1.29
6	15	0.64
7	10	0.45
8	6	0.6
9	3	0.56
10	0	0
-		
Location	Date	Time 
Dam	1/25/2012	1015
Field Measurements		
Dist(S to N)(ft)	Depth(cm)	Flow(m/s)
0	0	0
1	13	0.47
2	13	0.57
3	18	1
4	19	0.59
5	20	1.24
6	15	0.6
7	6	1.24
8	3	0.82
9	3	0.54
10	0	0		
-		
Location	Date	Time 
Dam	1/25/2012	1115
Field Measurements		
Dist(S to N)(ft)	Depth(cm)	Flow(m/s)
0	0	0
0.5	0	0
1	13	0.34
2	13	0.64
3	19	0.9
4	19	0.32
5	20	0.52
6	15	0.41
7	12	0.51
8	5	0.57
9	3	0.41
10	0	0
-
Location	Date	Time 
Dam	1/25/2012	1125
Field Measurements		
Dist(S to N)(ft)	Depth(cm)	Flow(m/s)
0	0	0
1	0	0
2	15	0.66
3	17	0.93
4	16	1.01
5	15	1.24
6	15	0.73
7	13	0.39
8	5	0.48
9	0	0
10	0	0
-
Location	Date	Time 
Dam	1/25/2012	1129
Field Measurements		
Dist(S to N)(ft)	Depth(cm)	Flow(m/s)
0	0	0
1	0	0
2	15	0.69
3	16	0.87
4	17	0.9
5	15	1.22
6	15	0.69
7	10	0.82
8	8	0.45
9	0	0
10	0	0
-
Location	Date	Time 
Dam	1/25/2012	1145
Field Measurements		
Dist(S to N)(ft)	Depth(cm)	Flow(m/s)
0	0	0
1	0	0
2	15	0.56
3	18	0.97
4	16	0.95
5	15	1.3
6	15	0.72
7	11	0.63
8	5	0.67
9	0	0
10	0	0
-		
Location	Date	Time 
Dam	1/25/2012	1200
Field Measurements		
Dist(S to N)(ft)	Depth(cm)	Flow(m/s)
0	0	0
1	0	0
2	14	0.64
3	15	0.93
4	17	0.78
5	15	1.34
6	14	0.84
7	10	0.78
8	6	0.46
9	0	0
10	0	0
-		
Location	Date	Time 
Dam	3/21/2012	1528
Field Measurements		
Dist(S to N)(ft)	Depth(cm)	Flow(m/s)
0	0	0
0.5	7	0.61
1	7	0.63
1.5	7	0.74
2	7	0.81
2.5	6	0.73
3	6	0.8
3.5	5	0.76
4	5	0.82
4.5	5	0.71
5	5	0.32
5.5	4	0.14
6	3	0.03
6.5	3	0.23
7	0	0	
-				
Location	Date	Time 
Dam	3/21/2012	1600
Field Measurements		
Dist(S to N)(ft)	Depth(cm)	Flow(m/s)
0	0	0
0.5	7	0.47
1	7	0.6
1.5	7	0.7
2	7	0.84
2.5	6	0.77
3	6	0.82
3.5	6	0.81
4	5	0.77
4.5	5	0.67
5	5	0.4
5.5	5	0.17
6	4	0.07
6.5	3	0.16
7	2	0.28
-
Location	Date	Time 
Dam	4/17/2013	850
Field Measurements		
Dist(S to N)(ft)	Depth(cm)	Flow(m/s)
0	10	0.71
1	10	0.75
2	10	0.75
3	10	0.84
4	10	0.6
5	10	0.66
6	11	0.43
7	10	0.4
8	11	0.6
9	0	0
10	0	0
-
Location	Date	Time 
Dam	11/3/2014	1415
Field Measurements		
Dist(S to N)(ft)	Depth(cm)	Flow(m/s)
0.5	0	0.00
1	0	0.00
1.5	0	0.00
2	0	0.00
2.5	0	0.00
3	0	0.00
3.4	4	0.21
4	2	0.58
4.5	4	0.85
5	5	0.91
5.6	5	0.55
6	5	0.43
6.5	6	0.76
7	6	0.56
7.5	4	0.87
8	4	0.96
8.5	5	0.95
9	4	0.48
9.5	0	0.00
10	0	0.00
10.5	0	0.00
11	0	0.00
11.5	0	0.00
12	0	0.00
12.5	0	0.00
13	0	0.00
13.5	0	0.00
14	0	0.00
14.5	0	0.00
15	0	0.00
-
Location	Date	Time 
Dam	11/3/2014	1415
Field Measurements		
Dist(S to N)(ft)	Depth(cm)	Flow(m/s)
1	0	0.00
1	8	0.03
1.5	10	0.27
2	48	0.23
2.5	34	0.13
3.5	33	0.04
4	21	0.07
4.5	18	0.10
5	20	0.03
5.5	21	0.00
6	20	0.05
6.5	0	0.00
7	0	0.00
7	0	0.00
7.5	0	0.00
8	0	0.00
8.5	0	0.00
9	0	0.00
9.5	0	0.00
10	0	0.00
10.5	0	0.00
11	0	0.00
11.5	0	0.00
12	0	0.00
12.5	0	0.00
13	0	0.00
13.5	0	0.00
14	0	0.00
14.5	0	0.00
15	0	0.00
-
Location	Date	Time 
Dam	11/3/2014	1415
Field Measurements		
Dist(S to N)(ft)	Depth(cm)	Flow(m/s)
1	0	0.00
1.5	39	0.31
2.5	44	0.24
3	34	0.15
3.5	38	0.00
4	30	0.01
4.5	30	0.08
5	23	0.01
6	7	0.00
7	8	0.00
8	0	0.00
9	0	0.00
10	0	0.00
11	0	0.00
12	0	0.00
8	0	0.00
8.5	0	0.00
9	0	0.00
9.5	0	0.00
10	0	0.00
10.5	0	0.00
11	0	0.00
11.5	0	0.00
12	0	0.00
12.5	0	0.00
13	0	0.00
13.5	0	0.00
14	0	0.00
14.5	0	0.00
15	0	0.00
-
Location	Date	Time 
Dam	11/3/2014	1415
Field Measurements		
Dist(S to N)(ft)	Depth(cm)	Flow(m/s)
1.5	0	0.00
2	8	0.00
2.5	12	0.01
3	20	0.21
3.5	22	0.44
4	13	0.25
4.5	15	0.14
5	12	0.00
5.5	6	0.12
6	12	0.09
6.5	10	0.45
7	6	0.13
7.5	0	0.00
8	0	0.00
8	0	0.00
8	0	0.00
8.5	0	0.00
9	0	0.00
9.5	0	0.00
10	0	0.00
10.5	0	0.00
11	0	0.00
11.5	0	0.00
12	0	0.00
12.5	0	0.00
13	0	0.00
13.5	0	0.00
14	0	0.00
14.5	0	0.00
15	0	0.00
-
Location	Date	Time 
Dam	11/25/2014	1050
Field Measurements		
Dist(S to N)(ft)	Depth(cm)	Flow(m/s)
0.75	0	0.00
0.75	6	0.23
1	6	0.36
1.5	7	0.45
2	8	0.63
2.5	8	0.82
3	8	0.78
3.5	8	1.24
4	8	1.46
4.5	8	1.46
5	8	1.46
5.5	8	1.39
6	8	1.26
6.5	8	1.23
7	8	0.92
7	8	0.00
8.5	0	0.00
9	0	0.00
9.5	0	0.00
10	0	0.00
10.5	0	0.00
11	0	0.00
11.5	0	0.00
12	0	0.00
12.5	0	0.00
13	0	0.00
13.5	0	0.00
14	0	0.00
14.5	0	0.00
15	0	0.00
-
Location	Date	Time 
Dam	12/16/2014	1200
Field Measurements		
Dist(S to N)(ft)	Depth(cm)	Flow(m/s)	
1.5	0	0.00
2	0	0.00
2.4	26	0.06
2.6	28	0.09
2.8	25	0.13
3	25	0.17
3.2	24	0.23
3.4	20	0.18
3.6	21	0.07
3.8	22	0.03
4	31	0.01
4.5	29	0.01
5	27	0.03
5.5	20	0.15
6	17	0.04
6.5	10	0.01
7	6	0.03
7.5	1	0.00
8	8	0.01
8.5	1	0.00
9	0	0.00				
-
Location	Date	Time 
Dam	12/18/2014	1445
Field Measurements		
Dist(S to N)(ft)	Depth(cm)	Flow(m/s)
0.5	0	0.00
1	0	0.00
1.5	16	0.32
2	20	0.20
2.5	20	0.10
3	16	0.05
3.5	18	0.00
4	16	0.08
4.5	14	0.00
5	14	0.00
5.5	12	0.00
6	24	0.00
6.5	22	0.04
7	36	0.20
7.5	28	0.20
8	32	0.25
8.5	30	0.27
9	38	0.45
9.5	2	0.00		
-
Location	Date	Time 
Dam	12/18/2014	1445
Field Measurements		
Dist(S to N)(ft)	Depth(cm)	Flow(m/s)
0.5	0	0.00
1	0	0.00
1.5	4	0.03
2	18	0.16
2.5	18	0.02
3	18	0.02
3.5	16	0.00
4	20	0.00
4.5	24	0.00
5	30	0.11
5.5	26	0.38
6	30	0.37
6.5	38	0.25
7	36	0.32
7.5	10	0.50
8	13	0.15
8.5	10	0.00
9	0	0.00	
-
Location	Date	Time
Dam	12/29/2014	1045
Field Measurements		
Dist(S to N)(ft)	Depth(cm)	Flow(m/s)
0.5	0	0.00
1	0	0.00
1.5	0	0.00
2	0	0.00
2.5	7	0.00
3	16	0.14
3.5	12	0.32
4	16	0.13
4.5	26	0.14
5	28	0.15
5.5	12	0.50
6	10	0.55
6.5	24	0.07
7	20	0.00
7.5	20	0.17
8	10	0.03
8.5	26	0.00
9	12	0.26
9.5	28	0.51
10	22	0.36
10.5	24	0.35
11	10	0.40
11.5	16	0.27
12	20	0.14
12.5	20	0.31
13	16	0.13
13.5	14	0.05
14	10	0.02
14.5	26	0.00
15	28	0.00
15.5	22	0.00
16	28	-0.05
16.5	16	0.00
17	8	0.07
17.5	0	0.00
-
Location	Date	Time
Dam	12/29/2014	1045
Field Measurements		
Dist(S to N)(ft)	Depth(cm)	Flow(m/s)
0.50	0	0.00
1.75	0	0.00
1.75	8	0.42
2.00	8	0.59
2.33	10	0.71
2.67	10	0.81
3.00	10	0.80
3.33	10	0.84
3.67	10	0.93
4.00	10	0.96
4.33	10	0.91
4.67	10	0.89
5.00	10	0.95
5.33	10	1.07
5.67	10	1.19
6.00	8	1.19
6.33	8	1.20
6.67	8	1.05
7.00	6	0.67
7.00	0	0.00
7.33	0	0.00
7.67	0	0.00
8.00	0	0.00
8.33	0	0.00
8.67	0	0.00
9.00	0	0.00
9.33	0	0.00
9.67	0	0.00
10.00	0	0.00
10.33	0	0.00
-