N2 OBS500
SEDIMENT RATING CURVE
1/7/15 1335
Measure 100 Times Close Send Data 
obs					ss
median	mean	std	min	max	median	mean	min	max 
Clear water, no sediment
9.09	9.12	.145	8.81	9.49	15.27	15.42	.64
8.60	8.62	.127	8.42	8.94	14.31	14.52	.59
Natural Sediment 1
113.85	113.94	2.76	109.05	121.83	205.45	205.84	7.58
82.84	82.37	4.32	73.83	90.10	146.76	149.37	13.36
118.28	119.28	2.94	113.65	126.17	220.15	220.02	7.35
Natural Sediment 2
342.81	344.85	9.32	325.47	362.78	678.37	685.13	29.28
357.48	356.96	7.94	341.32	373.11	707.75	710.09	21.00
Natural Sediment 3
616.00	614.44	7.10	594.08	626.07	2506.55	2503.88	143.37
608.11	607.47	8.70	588.89	626.21	2381.42	2302.75	290.26
Natural Sediment 4
760.97	760.66	28.01	701.40	805.90	3878.94	3943.54	453.35
770.12	747.03	40.62	653.99	791.55	4658.57	4671.37	636.31
