LBJ OBS500
SEDIMENT RATING CURVE
12/31/14 1430
Measure 100 Times Close Send Data 
obs					ss
median	mean	std	min	max	median	mean	min	max 
Clear water, no sediment
11.87	12.49	1.79	11.08	19.66	24.85	25.78	5.53
16.14	17.85	4.56	12.65	34.20	30.21	33.94	11.33
Natural Sediment 1
128.69	128.30	3.08	121.37	136.05	249.68	249.83	10.74
108.06	108.37	3.12	102.28	122.10	215.75	220.20	20.89
Natural Sediment 2
285.56	289.34	9.56	274.80	305.45	634.62	642.66	25.49
258.57	259.08	3.45	253.34	267.80	566.15	571.86	17.42
Natural Sediment 3
604.41	610.72	33.47	527.09	669.74	1552.76	1540.81	162.03
638.64	628.33	29.13	516.43	516.43	1608.17	1640.46	96.22
Natural Sediment 4
496.72	499.19	42.13	444.20	590.53	950.85	936.62	191.55
604.58	598.98	29.47	520.50	630.06	1158.05	1192.30	91.52
253.33	244.27	29.96	195.00	300.29	433.52	434.17	46.64
