N1 OBS500
SEDIMENT RATING CURVE
1/7/15 1335
Measure 100 Times Close Send Data 
obs					ss
median	mean	std	min	max	median	mean	min	max 
Clear water, no sediment
8.27	8.29	1.23	0	10.19	15.93	15.69	2.87
7.62	7.52	1.05	0	8.87	11.32	11.27	1.57	0
Natural Sediment 1
80.16	78.52	8.82	7.15	81.10	142.81	140.67	12.70
79.51	77.97	8.81	7.04	82.21	142.60	141.23	12.22
Natural Sediment 2
345.27	341.92	44.92	38.95	498.16	683.93	675.59	54.33
338.23	330.92	37.21	37.78	341.89	672.51	663.92	49.52
Natural Sediment 3
418.78	410.70	45.58	49.10	426.28	882.25	868.92	71.67
393.63	383.84	44.38	42.61	398.06	818.03	805.35	68.42
Natural Sediment 4
750.93	737.81	82.53	84.25	776.74	3761.07	3919.18	693.06
715.44	690.07	83.62	74.31	722.49	3393.71	3134.68	575.16