QUARRY OBS500
SEDIMENT RATING CURVE
12/31/14 1200
Measure 100 Times Close Send Data 
obs					ss
median	mean	std	min	max	median	mean	min	max 
Clear water, no sediment
6.75	7.52	1.64	5.65	11.8	16.58	16.5	6.5
6.66	6.65	.30	6.10	7.37	10.19	10.56	1.32
Natural Sediment 1
48.16	48.45	3.59	41.60	57.97	98.39	98.91	12.39
56.12	56.95	3.20	51.08	66.02	115.84	116.67	8.10
Natural Sediment 2
220.44	227.83	25.31	203.70	396.43	543.19	564.5	80.54
217.31	217.89	12.15	199.42	259.07	553.20	553.14	24.447
Natural Sediment 3
343.99	351.69	34.36	297.66	442.50	783.59	1612.58	1723.94
Natural Sediment 4
398.37	401.48	33.93	327.90	464.31	1866.20	1829.47	319.82
615.55	613.45	13.68	584.36	638.58	4277.07	4409.71	737.14
340.65	341	33	274	413	1055	1072	147
324	324	28	248	374	1156	1157	104
672	676	11	659	699	5374	5487	941
