month	day	year	mm precip
08	14	2008	8445.9
08	15	2008	6.3
08	16	2008	1770.1
08	17	2008	2.0
08	18	2008	0.0
08	19	2008	2568.0
08	20	2008	336.6
08	21	2008	0.3
08	22	2008	0.0
08	23	2008	67.5
08	24	2008	3867.3
08	25	2008	928.3
08	26	2008	2.5
08	27	2008	0.0
08	28	2008	0.0
08	29	2008	0.0
08	30	2008	0.0
08	31	2008	411.8
09	01	2008	4365.5
09	02	2008	16680.6
09	03	2008	3671.4
09	04	2008	7.1
09	05	2008	0.0
09	06	2008	0.0
09	07	2008	0.0
09	08	2008	602.1
09	09	2008	1388.6
09	10	2008	1.0
09	11	2008	0.0
09	12	2008	258.9
09	13	2008	677.6
09	14	2008	0.5
09	15	2008	0.0
09	16	2008	1310.0
09	17	2008	31586.1
09	18	2008	2398.8
09	19	2008	185.0
09	20	2008	0.3
09	21	2008	19.2
09	22	2008	659.8
09	23	2008	0.5
09	24	2008	661.3
09	25	2008	532.1
09	26	2008	0.5
09	27	2008	3532.9
09	28	2008	7159.2
09	29	2008	634.7
09	30	2008	4906.3
10	01	2008	4.1
10	02	2008	0.0
10	03	2008	152.1
10	04	2008	13603.7
10	05	2008	8442.6
10	06	2008	1475.4
10	07	2008	1670.4
10	08	2008	1.8
10	09	2008	1338.2
10	10	2008	132.8
10	11	2008	12376.4
10	12	2008	9.7
10	13	2008	91.5
10	14	2008	807.5
10	15	2008	5773.9
10	16	2008	7.4
10	17	2008	0.0
10	18	2008	0.0
10	19	2008	0.0
10	20	2008	0.0
10	21	2008	1157.2
10	22	2008	1.0
10	23	2008	0.0
10	24	2008	4048.7
10	25	2008	150.0
10	26	2008	0.3
10	27	2008	0.0
10	28	2008	0.0
10	29	2008	0.0
10	30	2008	10102.7
10	31	2008	16.0
11	01	2008	0.0
11	02	2008	0.0
11	03	2008	0.0
11	04	2008	5789.7
11	05	2008	9.1
11	06	2008	842.2
11	07	2008	11498.0
11	08	2008	22875.2
11	09	2008	2860.2
11	10	2008	13.0
11	11	2008	2003.4
11	12	2008	12089.4
11	13	2008	939.3
11	14	2008	1200.2
11	15	2008	17652.8
11	16	2008	1486.2
11	17	2008	8964.6
11	18	2008	16.5
11	19	2008	0.0
11	20	2008	14285.7
11	21	2008	34908.1
11	22	2008	1486.8
11	23	2008	410.0
11	24	2008	1476.4
11	25	2008	2813.3
11	26	2008	2.0
11	27	2008	1202.8
11	28	2008	4.6
11	29	2008	11557.5
11	30	2008	9.9
12	01	2008	0.6
12	02	2008	430.8
12	03	2008	0.3
12	04	2008	19161.2
12	05	2008	4014.6
12	06	2008	22833.1
12	07	2008	17492.5
12	08	2008	86863.3
12	09	2008	475.2
12	10	2008	0.3
12	11	2008	0.0
12	12	2008	7281.0
12	13	2008	16737.4
12	14	2008	26.9
12	15	2008	0.0
12	16	2008	0.0
12	17	2008	0.0
12	18	2008	0.0
12	19	2008	0.0
12	20	2008	0.0
12	21	2008	0.0
12	22	2008	0.0
12	23	2008	1689.0
12	24	2008	2.0
12	25	2008	388.5
12	26	2008	0.3
12	27	2008	1381.2
12	28	2008	557.0
12	29	2008	116.6
12	30	2008	2569.2
12	31	2008	2054.9
01	01	2009	140.1
01	02	2009	19952.0
01	03	2009	2998.8
01	04	2009	16823.6
01	05	2009	3432.6
01	06	2009	383.8
01	07	2009	15496.9
01	08	2009	13.5
01	09	2009	4176.4
01	10	2009	3.3
01	11	2009	1646.1
01	12	2009	5.1
01	13	2009	7414.4
01	14	2009	338.2
01	15	2009	0.3
01	16	2009	0.0
01	17	2009	39700.5
01	18	2009	21265.9
01	19	2009	22605.0
01	20	2009	484.9
01	21	2009	0.8
01	22	2009	4076.1
01	23	2009	3284.8
01	24	2009	76285.0
01	25	2009	77310.8
01	26	2009	30653.5
01	27	2009	6551.8
01	28	2009	5.1
01	29	2009	10633.0
01	30	2009	13229.5
01	31	2009	6077.3
02	01	2009	40479.1
02	02	2009	718.4
02	03	2009	104.7
02	04	2009	5089.8
02	05	2009	5.1
02	06	2009	0.0
02	07	2009	409.2
02	08	2009	5264.1
02	09	2009	14648.8
02	10	2009	1358.9
02	11	2009	0.0
02	12	2009	31691.1
02	13	2009	29138.6
02	14	2009	5769.9
02	15	2009	7.6
02	16	2009	0.0
02	17	2009	0.0
02	18	2009	3258.8
02	19	2009	2.8
02	20	2009	17291.2
02	21	2009	1127.9
02	22	2009	9438.9
02	23	2009	344.6
02	24	2009	9109.0
02	25	2009	5475.7
02	26	2009	1391.1
02	27	2009	3.0
02	28	2009	394.1
03	01	2009	88.8
03	02	2009	1.3
03	03	2009	684.8
03	04	2009	7925.1
03	05	2009	672.7
03	06	2009	1908.7
03	07	2009	3.0
03	08	2009	1010.5
03	09	2009	1.8
03	10	2009	942.7
03	11	2009	1567.7
03	12	2009	1.3
03	13	2009	0.0
03	14	2009	1260.6
03	15	2009	1.5
03	16	2009	9457.0
03	17	2009	0.0
03	18	2009	0.0
03	19	2009	0.0
03	20	2009	1234.4
03	21	2009	5.1
03	22	2009	851.2
03	23	2009	5278.0
03	24	2009	0.0
03	25	2009	1175.5
03	26	2009	1.5
03	27	2009	0.0
03	28	2009	609.8
03	29	2009	15822.8
03	30	2009	6631.6
03	31	2009	14853.0
04	01	2009	14831.1
04	02	2009	11996.8
04	03	2009	45256.7
04	04	2009	13434.4
04	05	2009	16446.0
04	06	2009	23.9
04	07	2009	58.6
04	08	2009	14738.1
04	09	2009	16563.9
04	10	2009	5029.5
04	11	2009	639.4
04	12	2009	5.1
04	13	2009	0.0
04	14	2009	0.0
04	15	2009	5450.3
04	16	2009	6.1
04	17	2009	0.0
04	18	2009	0.0
04	19	2009	2160.9
04	20	2009	1320.2
04	21	2009	234.7
04	22	2009	114.6
04	23	2009	0.5
04	24	2009	0.0
04	25	2009	0.0
04	26	2009	4698.0
04	27	2009	712.7
04	28	2009	8953.9
04	29	2009	3518.7
04	30	2009	3.0
05	01	2009	8.3
05	02	2009	0.8
05	03	2009	0.0
05	04	2009	0.0
05	05	2009	11330.5
05	06	2009	8.1
05	07	2009	12668.7
05	08	2009	40441.3
05	09	2009	29370.4
05	10	2009	23952.5
05	11	2009	54380.1
05	12	2009	40.4
05	13	2009	1227.9
05	14	2009	4682.3
05	15	2009	32404.3
05	16	2009	1547.5
05	17	2009	9155.2
05	18	2009	2879.1
05	19	2009	2377.8
05	20	2009	19.3
05	21	2009	280.4
05	22	2009	7579.5
05	23	2009	1435.5
05	24	2009	3845.4
05	25	2009	3.3
05	26	2009	264.6
05	27	2009	0.3
05	28	2009	0.0
05	29	2009	0.0
05	30	2009	3768.1
05	31	2009	3331.7
06	01	2009	2.5
06	02	2009	5152.0
06	03	2009	3142.5
06	04	2009	4714.8
06	05	2009	8.6
06	06	2009	0.0
06	07	2009	2118.7
06	08	2009	2.0
06	09	2009	0.0
06	10	2009	0.0
06	11	2009	0.0
06	12	2009	0.0
06	13	2009	0.0
06	14	2009	0.0
06	15	2009	0.0
06	16	2009	0.0
06	17	2009	0.0
06	18	2009	0.0
06	19	2009	11744.6
06	20	2009	4064.4
06	21	2009	2139.2
06	22	2009	1.5
06	23	2009	1082.2
06	24	2009	2193.3
06	25	2009	690.1
06	26	2009	6226.9
06	27	2009	614.1
06	28	2009	126.1
06	29	2009	0.5
06	30	2009	0.0
07	01	2009	78.7
07	02	2009	0.5
07	03	2009	2690.3
07	04	2009	39.6
07	05	2009	0.3
07	06	2009	0.0
07	07	2009	0.0
07	08	2009	0.0
07	09	2009	0.0
07	10	2009	339.3
07	11	2009	1123.8
07	12	2009	502.4
07	13	2009	0.8
07	14	2009	0.0
07	15	2009	0.0
07	16	2009	5920.9
07	17	2009	2817.8
07	18	2009	2.8
07	19	2009	0.0
07	20	2009	129.9
07	21	2009	20076.2
07	22	2009	6684.8
07	23	2009	5.8
07	24	2009	55.2
07	25	2009	4284.6
07	26	2009	92.5
07	27	2009	9697.6
07	28	2009	20.1
07	29	2009	1645.7
07	30	2009	1304.3
07	31	2009	3699.0
08	01	2009	574.4
08	02	2009	0.5
08	03	2009	0.0
08	04	2009	0.0
08	05	2009	1297.7
08	06	2009	5983.6
08	07	2009	4755.1
08	08	2009	2125.4
08	09	2009	1.5
08	10	2009	0.0
08	11	2009	1112.5
08	12	2009	2896.5
08	13	2009	281.8
08	14	2009	0.0
08	15	2009	898.4
08	16	2009	68456.1
08	17	2009	67.8
08	18	2009	1461.2
08	19	2009	4359.5
08	20	2009	12821.8
08	21	2009	432.7
08	22	2009	0.3
08	23	2009	0.0
08	24	2009	19836.0
08	25	2009	5522.6
08	26	2009	494.5
08	27	2009	0.0
08	28	2009	0.0
08	29	2009	0.0
08	30	2009	237.8
08	31	2009	344.9
09	01	2009	6110.3
09	02	2009	170.2
09	03	2009	3032.6
09	04	2009	8356.6
09	05	2009	8.6
09	06	2009	3615.5
09	07	2009	21954.4
09	08	2009	253.7
09	09	2009	0.3
09	10	2009	0.0
09	11	2009	0.0
09	12	2009	298.1
09	13	2009	335.3
09	14	2009	2142.2
09	15	2009	5.3
09	16	2009	260.4
09	17	2009	238.0
09	18	2009	2.0
09	19	2009	0.0
09	20	2009	0.0
09	21	2009	370.6
09	22	2009	2.3
09	23	2009	0.0
09	24	2009	0.0
09	25	2009	0.0
09	26	2009	0.0
09	27	2009	0.0
09	28	2009	0.0
09	29	2009	113.0
09	30	2009	0.5
10	01	2009	54.6
10	02	2009	0.3
10	03	2009	0.0
10	04	2009	4925.9
10	05	2009	423.8
10	06	2009	0.3
10	07	2009	0.0
10	08	2009	2570.3
10	09	2009	600.1
10	10	2009	0.0
10	11	2009	0.0
10	12	2009	0.0
10	13	2009	0.0
10	14	2009	2161.6
10	15	2009	37265.4
10	16	2009	10004.3
10	17	2009	12.4
10	18	2009	2348.5
10	19	2009	5.1
10	20	2009	0.0
10	21	2009	195.0
10	22	2009	27476.9
10	23	2009	2469.0
10	24	2009	743.5
10	25	2009	162.2
10	26	2009	0.3
10	27	2009	905.2
10	28	2009	1.8
10	29	2009	0.0
10	30	2009	1305.4
10	31	2009	11928.3
11	01	2009	13.2
11	02	2009	0.0
11	03	2009	0.0
11	04	2009	563.9
11	05	2009	1.0
11	06	2009	1712.0
11	07	2009	22055.1
11	08	2009	3499.1
11	09	2009	12.2
11	10	2009	4391.8
11	11	2009	22292.2
11	12	2009	52.1
11	13	2009	441.9
11	14	2009	332.3
11	15	2009	21224.9
11	16	2009	24.9
11	17	2009	0.0
11	18	2009	0.0
11	19	2009	0.0
11	20	2009	140.4
11	21	2009	0.3
11	22	2009	654.8
11	23	2009	177.2
11	24	2009	0.3
11	25	2009	0.9
11	26	2009	26423.3
11	27	2009	137356.4
11	28	2009	176.5
11	29	2009	0.0
11	30	2009	36.9
12	01	2009	16292.0
12	02	2009	9871.8
12	03	2009	5266.8
12	04	2009	2953.9
12	05	2009	1653.0
12	06	2009	2062.2
12	07	2009	173.3
12	08	2009	658.5
12	09	2009	13615.9
12	10	2009	18565.0
12	11	2009	1691.3
12	12	2009	416.5
12	13	2009	0.3
12	14	2009	0.0
12	15	2009	0.0
12	16	2009	0.0
12	17	2009	0.0
12	18	2009	1173.2
12	19	2009	1.5
12	20	2009	0.0
12	21	2009	0.0
12	22	2009	0.0
12	23	2009	0.0
12	24	2009	1238.5
12	25	2009	2.0
12	26	2009	692.3
12	27	2009	34886.8
12	28	2009	2900.2
12	29	2009	15388.6
12	30	2009	9275.7
12	31	2009	28394.9
01	01	2010	21802.9
01	02	2010	1543.5
01	03	2010	345.6
01	04	2010	5187.3
01	05	2010	20.8
01	06	2010	31780.6
01	07	2010	754.1
01	08	2010	1.3
01	09	2010	0.0
01	10	2010	365.3
01	11	2010	1138.3
01	12	2010	302.2
01	13	2010	0.3
01	14	2010	25133.0
01	15	2010	4604.3
01	16	2010	3111.6
01	17	2010	1783.0
01	18	2010	400.2
01	19	2010	168.7
01	20	2010	1887.6
01	21	2010	4.8
01	22	2010	0.0
01	23	2010	0.0
01	24	2010	11247.9
01	25	2010	74580.0
01	26	2010	12429.1
01	27	2010	34807.7
01	28	2010	1081.7
01	29	2010	2.0
01	30	2010	4096.3
01	31	2010	586.8
02	01	2010	104982.0
02	02	2010	676.1
02	03	2010	19844.4
02	04	2010	15.5
02	05	2010	241.4
02	06	2010	0.5
02	07	2010	0.0
02	08	2010	0.0
02	09	2010	7594.2
02	10	2010	21846.3
02	11	2010	24.6
02	12	2010	7408.4
02	13	2010	95746.2
02	14	2010	4788.3
02	15	2010	1720.2
02	16	2010	16583.8
02	17	2010	305.3
02	18	2010	192.9
02	19	2010	0.5
02	20	2010	226.2
02	21	2010	270.1
02	22	2010	20003.4
02	23	2010	4057.7
02	24	2010	425.1
02	25	2010	1526.0
02	26	2010	90.0
02	27	2010	0.3
02	28	2010	0.0
03	01	2010	0.0
03	02	2010	5573.9
03	03	2010	74.1
03	04	2010	7041.4
03	05	2010	10.7
03	06	2010	0.0
03	07	2010	0.0
03	08	2010	813.8
03	09	2010	518.3
03	10	2010	3760.3
03	11	2010	2573.1
03	12	2010	6.9
03	13	2010	0.0
03	14	2010	0.0
03	15	2010	0.0
03	16	2010	0.0
03	17	2010	0.0
03	18	2010	179.4
03	19	2010	1.0
03	20	2010	0.0
03	21	2010	2348.8
03	22	2010	3.8
03	23	2010	119.8
03	24	2010	180.8
03	25	2010	806.2
03	26	2010	1.0
03	27	2010	30.6
03	28	2010	6247.5
03	29	2010	499.3
03	30	2010	411.9
03	31	2010	0.5
04	01	2010	0.0
04	02	2010	0.0
04	03	2010	0.0
04	04	2010	0.0
04	05	2010	2655.4
04	06	2010	2.0
04	07	2010	0.0
04	08	2010	18036.9
04	09	2010	215.9
04	10	2010	0.8
04	11	2010	744.9
04	12	2010	499.0
04	13	2010	3689.5
04	14	2010	29328.5
04	15	2010	7023.1
04	16	2010	1586.7
04	17	2010	3566.5
04	18	2010	9433.7
04	19	2010	15.0
04	20	2010	766.3
04	21	2010	3285.0
04	22	2010	9517.6
04	23	2010	603.7
04	24	2010	1.0
04	25	2010	0.0
04	26	2010	1936.1
04	27	2010	4.6
04	28	2010	0.0
04	29	2010	16769.8
04	30	2010	1600.1
05	01	2010	1.5
05	02	2010	0.0
05	03	2010	292.6
05	04	2010	1332.5
05	05	2010	3.6
05	06	2010	0.0
05	07	2010	19299.7
05	08	2010	157.9
05	09	2010	1741.7
05	10	2010	2.0
05	11	2010	503.9
05	12	2010	22588.9
05	13	2010	133.6
05	14	2010	0.3
05	15	2010	0.0
05	16	2010	0.0
05	17	2010	0.0
05	18	2010	264.1
05	19	2010	1.5
05	20	2010	0.0
05	21	2010	1841.1
05	22	2010	898.5
05	23	2010	0.8
05	24	2010	3752.4
05	25	2010	2997.0
05	26	2010	6.3
05	27	2010	704.4
05	28	2010	558.9
05	29	2010	3350.8
05	30	2010	7.4
05	31	2010	112.5
06	01	2010	9945.7
06	02	2010	86.4
06	03	2010	1145.0
06	04	2010	1.3
06	05	2010	1536.3
06	06	2010	4387.5
06	07	2010	3575.0
06	08	2010	222.3
06	09	2010	4601.2
06	10	2010	5169.1
06	11	2010	13684.6
06	12	2010	1386.5
06	13	2010	4.6
06	14	2010	994.5
06	15	2010	7439.3
06	16	2010	716.8
06	17	2010	474.7
06	18	2010	471.4
06	19	2010	102.2
06	20	2010	3186.7
06	21	2010	1885.9
06	22	2010	171.6
06	23	2010	412.8
06	24	2010	2611.9
06	25	2010	5553.0
06	26	2010	439.9
06	27	2010	1.0
06	28	2010	347.6
06	29	2010	1927.6
06	30	2010	1.5
07	01	2010	0.0
07	02	2010	317.5
07	03	2010	1026.5
07	04	2010	109.4
07	05	2010	2352.4
07	06	2010	4.6
07	07	2010	731.7
07	08	2010	0.8
07	09	2010	0.0
07	10	2010	8311.5
07	11	2010	511.5
07	12	2010	972.0
07	13	2010	375.8
07	14	2010	2723.6
07	15	2010	235.4
07	16	2010	2504.6
07	17	2010	582.7
07	18	2010	271.9
07	19	2010	1523.0
07	20	2010	8562.8
07	21	2010	25.8
07	22	2010	14007.3
07	23	2010	24.9
07	24	2010	0.0
07	25	2010	668.9
07	26	2010	1034.6
07	27	2010	3304.6
07	28	2010	78.7
07	29	2010	1230.2
07	30	2010	169.0
07	31	2010	1079.8
08	01	2010	44464.4
08	02	2010	35.8
08	03	2010	0.0
08	04	2010	0.0
08	05	2010	285.6
08	06	2010	0.5
08	07	2010	0.0
08	08	2010	1254.1
08	09	2010	2113.6
08	10	2010	1431.4
08	11	2010	2.3
08	12	2010	113.3
08	13	2010	600.6
08	14	2010	1.0
08	15	2010	4164.4
08	16	2010	418.0
08	17	2010	754.8
08	18	2010	535.5
08	19	2010	0.5
08	20	2010	1238.7
08	21	2010	2.5
08	22	2010	0.0
08	23	2010	1723.6
08	24	2010	5.1
08	25	2010	0.0
08	26	2010	165.9
08	27	2010	0.3
08	28	2010	3801.9
08	29	2010	2321.5
08	30	2010	2.0
08	31	2010	0.0
09	01	2010	0.0
09	02	2010	0.0
09	03	2010	5.9
09	04	2010	1063.2
09	05	2010	1159.8
09	06	2010	433.2
09	07	2010	934.1
09	08	2010	1281.4
09	09	2010	2863.1
09	10	2010	6609.7
09	11	2010	148.3
09	12	2010	7669.0
09	13	2010	5118.3
09	14	2010	32681.3
09	15	2010	30036.0
09	16	2010	8062.4
09	17	2010	14.2
09	18	2010	1313.6
09	19	2010	16799.3
09	20	2010	15.2
09	21	2010	0.0
09	22	2010	1442.9
09	23	2010	1.3
09	24	2010	1552.6
09	25	2010	821.1
09	26	2010	2.5
09	27	2010	1099.3
09	28	2010	1.3
09	29	2010	33231.6
09	30	2010	32.3
10	01	2010	0.0
10	02	2010	0.0
10	03	2010	8852.7
10	04	2010	11.7
10	05	2010	0.0
10	06	2010	0.0
10	07	2010	0.0
10	08	2010	1078.1
10	09	2010	3.0
10	10	2010	94.2
10	11	2010	636.2
10	12	2010	0.5
10	13	2010	4180.6
10	14	2010	6148.9
10	15	2010	323.6
10	16	2010	2.0
10	17	2010	2709.0
10	18	2010	32249.3
10	19	2010	34.0
10	20	2010	343.5
10	21	2010	0.3
10	22	2010	0.0
10	23	2010	2458.7
10	24	2010	2804.4
10	25	2010	12391.9
10	26	2010	14654.1
10	27	2010	11032.0
10	28	2010	42761.4
10	29	2010	8412.9
10	30	2010	10.9
10	31	2010	49861.3
11	01	2010	1165.3
11	02	2010	1.8
11	03	2010	0.0
11	04	2010	9608.1
11	05	2010	16.0
11	06	2010	0.0
11	07	2010	0.0
11	08	2010	0.0
11	09	2010	209.5
11	10	2010	10564.6
11	11	2010	5721.1
11	12	2010	7.4
11	13	2010	88.2
11	14	2010	12.0
11	15	2010	2861.5
11	16	2010	11582.8
11	17	2010	3648.2
11	18	2010	44206.2
11	19	2010	18933.4
11	20	2010	9838.8
11	21	2010	2383.0
11	22	2010	5914.3
11	23	2010	151.4
11	24	2010	0.8
11	25	2010	0.0
11	26	2010	0.0
11	27	2010	231.2
11	28	2010	681.5
11	29	2010	1927.4
11	30	2010	2.3
12	01	2010	1031.2
12	02	2010	2792.6
12	03	2010	1181.7
12	04	2010	2771.7
12	05	2010	3586.0
12	06	2010	392.8
12	07	2010	1751.0
12	08	2010	2002.2
12	09	2010	2148.3
12	10	2010	1127.8
12	11	2010	172.1
12	12	2010	18476.8
12	13	2010	1037.9
12	14	2010	859.1
12	15	2010	368.6
12	16	2010	1.5
12	18	2010	1204.5
12	19	2010	11416.3
12	20	2010	8641.3
12	21	2010	6.3
12	22	2010	0.0
12	23	2010	52.5
12	24	2010	0.3
12	25	2010	991.5
12	26	2010	1978.2
12	27	2010	7189.2
12	28	2010	22510.0
12	29	2010	29627.8
12	30	2010	102.6
12	31	2010	475.6
01	01	2011	1.5
01	02	2011	30345.2
01	03	2011	12517.6
01	04	2011	6850.9
01	05	2011	6079.3
01	06	2011	22749.4
01	07	2011	888.7
01	08	2011	3.8
01	09	2011	311.7
01	10	2011	8088.7
01	11	2011	46160.9
01	12	2011	216.1
01	13	2011	2222.4
01	14	2011	5329.7
01	15	2011	2552.1
01	16	2011	927.5
01	17	2011	6544.3
01	18	2011	5839.9
01	19	2011	12618.0
01	20	2011	20398.8
01	21	2011	15949.8
01	22	2011	40733.9
01	23	2011	28953.6
01	24	2011	11381.9
01	25	2011	36787.5
01	26	2011	3917.6
01	27	2011	2405.2
01	28	2011	5.8
01	29	2011	595.9
01	30	2011	2995.1
01	31	2011	54649.9
02	01	2011	3415.7
02	02	2011	1985.8
02	03	2011	825.9
02	04	2011	1.3
02	05	2011	3479.5
02	06	2011	56.8
02	07	2011	9945.4
02	08	2011	218.8
02	09	2011	905.2
02	10	2011	1929.6
02	11	2011	3.3
02	12	2011	10456.9
02	13	2011	44943.1
02	14	2011	4228.0
02	15	2011	4215.5
02	16	2011	13511.1
02	17	2011	7103.7
02	18	2011	10.9
02	19	2011	12572.2
02	20	2011	349.6
02	21	2011	1238.1
02	22	2011	1.3
02	23	2011	0.0
02	24	2011	916.4
02	25	2011	5.8
02	26	2011	960.7
02	27	2011	1.5
02	28	2011	0.0
03	01	2011	1656.9
03	02	2011	223.3
03	03	2011	9751.3
03	04	2011	516.4
03	05	2011	0.3
03	06	2011	0.0
03	07	2011	0.0
03	08	2011	0.0
03	09	2011	2182.7
03	10	2011	1779.6
03	11	2011	575.0
03	12	2011	167.1
03	13	2011	0.5
03	14	2011	181.2
03	15	2011	14.7
03	16	2011	0.3
03	17	2011	0.0
03	18	2011	1247.6
03	19	2011	279.9
03	20	2011	5.3
03	21	2011	4337.9
03	22	2011	8473.5
03	23	2011	831.2
03	24	2011	2.3
03	25	2011	0.0
03	26	2011	1310.0
03	27	2011	3581.7
03	28	2011	5342.8
03	29	2011	1105.3
03	30	2011	3.0
03	31	2011	23277.5
04	01	2011	1756.6
04	02	2011	29118.5
04	03	2011	8876.3
04	04	2011	7.9
04	05	2011	7.3
04	06	2011	1.0
04	07	2011	117.0
04	08	2011	0.3
04	09	2011	1515.4
04	10	2011	2260.2
04	11	2011	174.5
04	12	2011	0.3
04	13	2011	0.0
04	14	2011	0.0
04	15	2011	0.0
04	16	2011	0.0
04	17	2011	0.0
04	18	2011	611.9
04	19	2011	0.5
04	20	2011	0.0
04	21	2011	8457.0
04	22	2011	564.2
04	23	2011	303.3
04	24	2011	479.3
04	25	2011	265.7
04	26	2011	625.4
04	27	2011	4583.1
04	28	2011	6006.3
04	29	2011	14480.6
04	30	2011	24.3
05	01	2011	875.0
05	02	2011	18075.0
05	03	2011	31.0
05	04	2011	0.0
05	05	2011	0.0
05	06	2011	0.0
05	07	2011	0.0
05	08	2011	13506.4
05	09	2011	13669.1
05	10	2011	20.8
05	11	2011	14778.4
05	12	2011	25.9
05	13	2011	158.1
05	14	2011	607.0
05	15	2011	1.0
05	16	2011	220.2
05	17	2011	1556.9
05	18	2011	1430.9
05	19	2011	285.3
05	20	2011	0.3
05	21	2011	0.0
05	22	2011	740.7
05	23	2011	4.8
05	24	2011	0.0
05	25	2011	256.3
05	26	2011	1549.9
05	27	2011	2.0
05	28	2011	1158.7
05	29	2011	415.8
05	30	2011	14.2
05	31	2011	0.3
06	01	2011	0.0
06	02	2011	0.0
06	03	2011	5131.8
06	04	2011	806.4
06	05	2011	1093.4
06	06	2011	0.8
06	07	2011	0.0
06	08	2011	0.0
06	09	2011	5393.2
06	10	2011	8417.8
06	11	2011	4080.2
06	12	2011	19.8
06	13	2011	0.0
06	14	2011	0.0
06	15	2011	0.0
06	16	2011	0.0
06	17	2011	0.0
06	18	2011	0.0
06	19	2011	0.0
06	20	2011	113.4
06	21	2011	9847.6
06	22	2011	2054.3
06	23	2011	436.1
06	24	2011	183.4
06	25	2011	2138.0
06	26	2011	1.8
06	27	2011	0.0
06	28	2011	0.0
06	29	2011	1079.0
06	30	2011	99.6
07	01	2011	0.5
07	02	2011	0.0
07	03	2011	0.0
07	04	2011	107.5
07	05	2011	17.6
07	06	2011	7866.3
07	07	2011	8.6
07	08	2011	0.0
07	09	2011	0.0
07	10	2011	2019.3
07	11	2011	2.5
07	12	2011	1451.7
07	13	2011	633.9
07	14	2011	6513.0
07	15	2011	7.1
07	16	2011	0.0
07	17	2011	78.3
07	18	2011	0.3
07	19	2011	0.0
07	20	2011	4512.8
07	21	2011	2186.7
07	22	2011	46.8
07	23	2011	0.3
07	24	2011	0.0
07	25	2011	72.3
07	26	2011	0.8
07	27	2011	5107.5
07	28	2011	4335.6
07	29	2011	1329.0
07	30	2011	1.0
07	31	2011	0.0
08	01	2011	0.0
08	02	2011	14855.1
08	03	2011	33.5
08	04	2011	0.0
08	05	2011	0.0
08	06	2011	0.0
08	07	2011	191.7
08	08	2011	1112.9
08	09	2011	1.3
08	10	2011	980.6
08	11	2011	1.0
08	12	2011	0.0
08	13	2011	0.0
08	14	2011	0.0
08	15	2011	0.0
08	16	2011	1162.9
08	17	2011	2.8
08	18	2011	0.0
08	19	2011	0.0
08	20	2011	0.0
08	21	2011	0.0
08	22	2011	917.5
08	23	2011	2.8
08	24	2011	1028.1
08	25	2011	1.0
08	26	2011	793.7
08	27	2011	900.2
08	28	2011	1358.5
08	29	2011	1989.3
08	30	2011	7985.6
08	31	2011	5207.3
09	01	2011	363.0
09	02	2011	0.5
09	03	2011	0.0
09	04	2011	0.0
09	05	2011	0.0
09	06	2011	0.0
09	07	2011	0.0
09	08	2011	348.0
09	09	2011	0.3
09	10	2011	913.3
09	11	2011	2.8
09	12	2011	0.0
09	13	2011	0.0
09	14	2011	1112.2
09	15	2011	7748.8
09	16	2011	0.0
09	17	2011	0.0
09	18	2011	0.0
09	19	2011	6248.8
09	20	2011	7.1
09	21	2011	0.0
09	22	2011	0.0
09	23	2011	0.0
09	24	2011	0.0
09	25	2011	0.0
09	26	2011	0.0
09	27	2011	0.0
09	28	2011	0.0
09	29	2011	0.0
09	30	2011	0.0
10	01	2011	0.0
10	02	2011	0.0
10	03	2011	0.0
10	04	2011	192.0
10	05	2011	12181.6
10	06	2011	500.8
10	07	2011	0.5
10	08	2011	419.4
10	09	2011	0.8
10	10	2011	1216.5
10	11	2011	5375.5
10	12	2011	270.9
10	13	2011	823.5
10	14	2011	15.0
10	15	2011	4241.8
10	16	2011	1435.5
10	17	2011	7552.3
10	18	2011	550.3
10	19	2011	3490.9
10	20	2011	8.1
10	21	2011	0.0
10	22	2011	2925.2
10	23	2011	252.9
10	24	2011	8797.9
10	25	2011	25286.9
10	26	2011	10401.2
10	27	2011	10512.3
10	28	2011	181.6
10	29	2011	6471.5
10	30	2011	5441.9
10	31	2011	7240.5
11	01	2011	2506.1
11	02	2011	1284.2
11	03	2011	1.5
11	04	2011	0.0
11	05	2011	2713.2
11	06	2011	27050.9
11	07	2011	409.6
11	08	2011	3759.0
11	09	2011	12866.2
11	10	2011	35093.8
11	11	2011	1715.0
11	12	2011	35108.7
11	13	2011	7039.8
11	14	2011	609.7
11	15	2011	1.0
11	16	2011	0.0
11	17	2011	0.0
11	18	2011	0.0
11	19	2011	26415.2
11	20	2011	23001.9
11	21	2011	54726.2
11	22	2011	145.5
11	23	2011	0.3
11	24	2011	9698.8
11	25	2011	4404.3
11	26	2011	14.0
11	27	2011	9521.9
11	28	2011	1335.1
11	29	2011	743.4
11	30	2011	1.5
12	01	2011	0.0
12	02	2011	0.0
12	03	2011	0.0
12	04	2011	1390.0
12	05	2011	77988.3
12	06	2011	85.6
12	07	2011	305.4
12	08	2011	9102.7
12	09	2011	6.9
12	10	2011	0.0
12	11	2011	1926.9
12	12	2011	3551.1
12	13	2011	5.3
12	14	2011	0.3
12	15	2011	1165.0
12	16	2011	3.0
12	17	2011	0.0
12	18	2011	0.0
12	19	2011	359.4
12	20	2011	1.5
12	21	2011	3057.9
12	22	2011	4.3
12	23	2011	0.0
12	24	2011	2726.6
12	25	2011	24171.9
12	26	2011	4600.2
12	27	2011	34470.3
12	28	2011	31998.2
12	29	2011	19451.1
12	30	2011	14.5
12	31	2011	0.0
01	01	2012	0.0
01	02	2012	6574.5
01	03	2012	7052.8
01	04	2012	51.1
01	05	2012	0.3
01	06	2012	1947.1
01	07	2012	1905.0
01	08	2012	10109.5
01	09	2012	2141.2
01	10	2012	9506.6
01	11	2012	92.8
01	12	2012	0.5
01	13	2012	0.0
01	14	2012	0.0
01	15	2012	294.3
01	16	2012	0.3
01	17	2012	618.5
01	18	2012	1663.3
01	19	2012	27264.6
01	20	2012	12788.9
01	21	2012	13.7
01	22	2012	0.0
01	23	2012	0.0
01	24	2012	0.0
01	25	2012	8227.4
01	26	2012	8179.0
01	27	2012	1303.3
01	28	2012	3.3
01	29	2012	11.8
01	30	2012	0.5
01	31	2012	0.0
02	01	2012	7376.7
02	02	2012	15119.2
02	03	2012	6988.9
02	04	2012	3941.6
02	05	2012	6282.0
02	06	2012	14933.9
02	07	2012	16859.0
02	08	2012	2237.5
02	09	2012	2.0
02	10	2012	0.0
02	11	2012	0.0
02	12	2012	0.0
02	13	2012	4984.3
02	14	2012	3082.1
02	15	2012	7.9
02	16	2012	0.0
02	17	2012	138.3
02	18	2012	24.9
02	19	2012	1080.4
02	20	2012	8.1
02	21	2012	2406.5
02	22	2012	37.4
02	23	2012	1147.6
02	24	2012	67337.2
02	25	2012	68.1
02	26	2012	0.0
02	27	2012	1.0
02	28	2012	0.0
02	29	2012	891.4
>>> 